11111
11111
11111
11110
11110
11110
11110
11110
01110
01110
01110
01110
01110
11011
11011
11011
11011
11011
11011
11011
11011
11011
11011
11011
11011
11011
11011
11011
11011
11111
11111
11211
11221
12231
11241
11211
11111
11111
11111
00100
00100
00100
00100
00100
00100
00100
00100
00100
00100
00100
00100
00100
00100
00100
00100
00100
11111
11111
11111
11111
00000
00000
11111
11111
11111
11111
11111
11111
11111
11111
00000
00000
11111
11111
11111
00000
00000
11111
11111
11111
11111
11111
00000
00000
00011
00011
00011
00000
00000
11000
11000
11000
00000
00000
00011
00011
00011
00000
00000
11111
11111
11111
11110
11110
11110
11110
11110
02120
02120
02120
02120
02120
02120
02120
02120
02120
02120
02120
02120
02120
02120
02120
02120
00100
01100
01100
01100
11211
11211
11211
11211
11211
11211
11211
11011
11011
00011
00011
00011
00011
11211
11211
11211
00001
00001
00001
00001
00010
00010
00010
00010
00010
00010
00010
00010
00010
00010
00010
00010
00010
00010
00010
00010
00010
00010
00010
00010
00110
00100
00100
00100
00100
00100
00100
00100
11100
11000
11000
10000
10000
10000
10000
10000
10000
10000
10000
10000
00000
00000
00000
11111
11111
11111
11111
11111
11111
11111
13131
13131
13131
01110
13131
01110
13131
01110
13131
01110
00100
00100
51115
51115
51115
51115
51115
51115
51115
51115
51115
51115
51115
51115
51115
51515
51515
51515
51515
51515
51515
51515
51515
51515
51515
51515
51515
51515
51515
51515
51515
51515
11111
11111
11111
11111
11111
11111
11111
10101
01010
10101
01010
10101
01010
10101
01010
10101
01010
10101
10101
01010
01010
10101
10101
01010
01010
10101
10101
01010
01010
10101
10101
01010
01010
10101
10101
01010
01010
10101
10101
01010
01010
10101
10101
01010
01010
10101
10101
01010
01010
10101
10101
01010
01010
10101
10101
01010
01010
10101
10101
01010
01010
10101
10101
01010
01010
10101
10101
01010
01010
10101
10101
01010
01010
10101
10101
01010
01010
10101
10101
01010
01010
10101
10101
01010
01010
10101
10101
01010
01010
11111
11111
05150
05150
05150
05150
05150
05150
05150
05150
05150
05150
05150
00100
00100
00100
00100
00100
00100
11000
11000
11000
11000
00000
00000
01100
01100
01100
00000
00000
00011
00011
00011
00000
00000
01000
01000
00000
00000
11111